343      343               Day           CWSA          LAT           LONG          CUA
          214            1            50            16           229            10
          216            1            10           -11           195             2
          217            1            70           -12           189            14
          219            1            70           -21           175            14
          222            1           550           -28           171            93
          21            1           300            21           219            51
          22            1            20           -12           161             4
          229            1           480           -13           132            81
          230            1           220           -23           164            37
          231            1            50           -20           123            10
          232            1           180           -10           11            30
          235            1            30            14           112             6
          237            1           230            18           221            39
          238            1            40           -18            76             8
          216            2            30           -10           198             6
          217            2            30           -12           190             6
          219            2            70           -22           178            14
          222            2           530           -29           172            90
          21            2            50            21           218            10
          22            2            20           -11           163             4
          229            2           500           -13           131            85
          230            2           220           -23           164            37
          231            2            40           -21           123             8
          232            2           130           -10           123            22
          235            2            70            13           113            14
          237            2           290            18            78            49
          238            2            40           -18            77             8
          216            26            10           -10           199             2
          217            26            30           -12           191             6
          219            26            90           -21           178            18
          222            26           520           -28           174            88
          229            26           480           -14           131            81
          230            26           190           -23           166            32
          231            26            10           -21           11             2
          232            26           150           -10           11            2
          235            26            40            13           113             8
          237            26           230            17            78            39
          238            26            30           -19            76             6
          229            27           460           -14           131            77
          231            27            10           -20           120             2
          219            27            50           -21           178            10
          222            27           410           -28           174            69
          230            27           200           -23           164            34
          232            27           130           -11           11            22
          235            27            40            12           114             8
          237            27           200            18            78            34
          238            27            10           -18            76             2
          239            27            80            13           168            16
          240            27            60             8            42            12
          241            27            10           -12            82             2
          242            27            10           -2            46             2
          243            27            30           -10            44             6
          231            28            15           -20           117             3
          222            28           380           -28           169            64
          229            28           440           -13           130            74
          230            28           130           -2           163            22
          232            28           140           -10           11            23
          235            28            30            12           114             6
          237            28           180            18            76            30
          238            28            20           -17            73             4
          239            28           140            13           170            23
          240            28           140            11            41            23
          242            28            30           -2            43             6
          244            28            90            -9            93            18
          245            28            70           -33           156            14
          231            29            20           -20           114             4
          229            29           470           -13           131            79
          230            29            80           -1           166            16
          232            29           110           -10           123            18
          235            29            10            12           116             2
          237            29           100            18            78            17
          239            29            80            13           171            16
          240            29            80            10            44            16
          244            29           150            -9            95            2
          245            29            20           -30           167             4
          229            30           300           -14           133            51
          231            30            20           -20           111             4
          232            30            80           -11           126            16
          237            30            90            17            78            18
          240            30            40            10            45             8
          244            30           310           -11            96            52
          246            30            30           -13           360             6
